patient001 DCM 30 0 11 10 184.0 95.0 2.2035325174717877
patient002 DCM 30 0 11 10 160.0 70.0 1.7638342073763937
patient003 DCM 30 0 14 10 165.0 77.0 1.8786076404259264
patient004 DCM 28 0 14 10 159.0 46.0 1.42536545021502
patient005 DCM 30 0 12 10 165.0 77.0 1.8786076404259264
patient006 DCM 28 0 15 11 180.0 70.0 1.8708286933869707
patient007 DCM 16 0 6 10 173.0 107.0 2.2675855980413275
patient008 DCM 28 0 12 10 180.0 100.0 2.23606797749979
patient009 DCM 35 0 12 10 153.0 61.0 1.6101242188104619
patient010 DCM 28 0 12 10 170.0 68.0 1.7919573407620817
patient011 DCM 15 0 7 9 180.0 70.0 1.8708286933869707
patient012 DCM 30 0 12 10 160.0 59.0 1.6193277068654826
patient013 DCM 30 0 13 10 175.0 57.0 1.6645820296198484
patient014 DCM 30 0 12 10 175.0 75.0 1.9094065395649333
patient015 DCM 21 0 9 9 158.0 57.0 1.5816657885491063
patient016 DCM 30 0 11 10 173.0 54.0 1.6109003693587012
patient017 DCM 19 0 8 9 178.0 85.0 2.0500677495579938
patient018 DCM 13 0 9 8 161.0 79.0 1.8796424009783232
patient019 DCM 30 0 10 11 191.0 97.0 2.2685653812241977
patient020 DCM 20 0 10 8 182.0 106.0 2.3149274046692887
patient021 HCM 30 0 12 10 192.0 110.0 2.422120283277993
patient022 HCM 28 0 10 7 165.0 42.0 1.3874436925511608
patient023 HCM 25 0 8 9 166.0 74.0 1.8472201336663214
patient024 HCM 28 0 8 8 175.0 85.0 2.032718486275078
patient025 HCM 25 0 8 9 174.0 82.0 1.9908122295518815
patient026 HCM 28 0 11 10 170.0 70.0 1.818118685772619
patient027 HCM 30 0 10 10 158.0 60.0 1.622754859285078
patient028 HCM 28 0 8 10 177.0 76.0 1.933045955653064
patient029 HCM 30 0 11 11 163.0 55.0 1.5780613986083614
patient030 HCM 35 0 11 10 150.0 54.0 1.5
patient031 HCM 30 0 9 10 176.0 89.0 2.0859317129549355
patient032 HCM 30 0 11 10 186.0 123.0 2.5209125331911064
patient033 HCM 30 0 13 10 165.0 89.0 2.0196946964000935
patient034 HCM 30 0 15 10 172.0 79.0 1.9427929494530405
patient035 HCM 28 0 10 13 170.0 80.0 1.9436506316151
patient036 HCM 35 0 11 8 160.0 80.0 1.8856180831641267
patient037 HCM 30 0 11 7 169.0 105.0 2.220172665957913
patient038 HCM 24 0 10 8 160.0 59.0 1.6193277068654826
patient039 HCM 28 0 9 9 175.0 100.0 2.204792759220492
patient040 HCM 35 0 12 10 172.0 95.0 2.1304668241699725
patient041 MINF 17 0 10 6 170.0 70.0 1.818118685772619
patient042 MINF 35 0 15 9 168.0 99.0 2.149418526020468
patient043 MINF 13 0 6 12 165.0 76.0 1.8663690238892559
patient044 MINF 30 0 10 9 180.0 54.0 1.6431676725154984
patient045 MINF 35 0 12 8 174.0 68.0 1.812916618784953
patient046 MINF 30 0 9 9 186.0 74.0 1.9553345834749953
patient047 MINF 22 0 8 9 180.0 82.0 2.0248456731316584
patient048 MINF 28 0 7 8 167.0 73.0 1.8402143594942653
patient049 MINF 35 0 10 7 171.0 72.0 1.849324200890693
patient050 MINF 30 0 11 10 162.0 57.0 1.6015617378046967
patient051 MINF 30 0 10 10 170.0 91.0 2.072974245431482
patient052 MINF 20 0 8 8 161.0 85.0 1.9497150788997066
patient053 MINF 30 0 11 7 176.0 77.0 1.940217628114033
patient054 MINF 30 0 11 8 176.0 94.0 2.1437246921084703
patient055 MINF 25 0 9 9 180.0 82.0 2.0248456731316584
patient056 MINF 30 0 11 9 170.0 62.0 1.7110750356947464
patient057 MINF 25 0 8 8 175.0 80.0 1.9720265943665387
patient058 MINF 30 0 13 9 168.0 68.0 1.781385228784985
patient059 MINF 30 0 8 9 173.0 68.0 1.8076995817275
patient060 MINF 30 0 13 9 172.0 51.0 1.5609825965290793
patient061 NOR 30 0 9 9 187.0 95.0 2.221423467559083
patient062 NOR 30 0 8 10 172.0 74.0 1.8803073034893938
patient063 NOR 35 0 15 8 165.0 49.0 1.4986104675109317
patient064 NOR 35 0 11 10 175.0 97.0 2.1714690367992304
patient065 NOR 30 0 13 8 180.0 92.0 2.1447610589527217
patient066 NOR 30 0 10 9 175.0 80.0 1.9720265943665387
patient067 NOR 30 0 9 10 178.0 60.0 1.7224014243685084
patient068 NOR 28 0 11 7 154.0 64.0 1.654623152798781
patient069 NOR 30 0 11 7 160.0 53.0 1.5347819244295118
patient070 NOR 28 0 9 6 158.0 79.0 1.862047857124575
patient071 NOR 30 0 8 10 169.0 61.0 1.6922207631131085
patient072 NOR 30 0 10 8 160.0 78.0 1.8618986725025255
patient073 NOR 35 0 9 7 185.0 96.0 2.2211108331943574
patient074 NOR 30 0 11 8 175.0 87.0 2.056493779875511
patient075 NOR 14 0 5 14 179.0 93.0 2.1503875619679973
patient076 NOR 30 0 11 8 175.0 87.0 2.056493779875511
patient077 NOR 25 0 8 8 180.0 75.0 1.9364916731037085
patient078 NOR 30 0 8 8 185.0 84.0 2.077658938966323
patient079 NOR 30 0 10 9 178.0 80.0 1.9888578520235065
patient080 NOR 21 0 9 6 155.0 74.0 1.784968098065372
patient081 RV 16 0 6 17 177.0 70.0 1.855172947912584
patient082 RV 17 0 6 16 183.0 82.0 2.0416496597931126
patient083 RV 17 0 7 6 160.0 58.0 1.6055459438389728
patient084 RV 35 0 9 12 140.0 35.0 1.1666666666666667
patient085 RV 30 0 8 15 172.0 61.0 1.7071744036402503
patient086 RV 19 0 7 7 165.0 70.0 1.7911821050170564
patient087 RV 28 0 9 8 170.0 64.0 1.7384539747207064
patient088 RV 25 0 11 16 180.0 70.0 1.8708286933869707
patient089 RV 30 0 9 6 170.0 103.0 2.2054226100430023
patient090 RV 12 3 10 7 150.0 66.0 1.6583123951777
patient091 RV 16 0 8 8 162.0 53.0 1.54434452114805
patient092 RV 15 0 5 15 170.0 69.0 1.8050854088749744
patient093 RV 30 0 13 10 165.0 65.0 1.7260262647673315
patient094 RV 14 0 6 10 164.0 45.0 1.4317821063276353
patient095 RV 30 0 11 14 165.0 76.0 1.8663690238892559
patient096 RV 15 0 7 18 186.0 76.0 1.98158185969358
patient097 RV 30 0 10 8 187.0 82.0 2.0638421558938185
patient098 RV 22 0 8 7 167.0 50.0 1.5229722402080887
patient099 RV 19 0 8 16 180.0 80.0 2.0
patient100 RV 34 0 12 8 165.0 63.0 1.699264546796643
patient101 TEST 30 0 13 10 169.0 79.0 1.9257754570850443
patient102 TEST 30 0 12 8 156.0 75.0 1.8027756377319946
patient103 TEST 30 0 10 9 175.0 107.0 2.280655363900668
patient104 TEST 30 0 10 9 180.0 74.0 1.9235384061671346
patient105 TEST 30 0 9 10 173.0 84.0 2.0091457554559518
patient106 TEST 30 0 12 9 181.0 91.0 2.1389898966048855
patient107 TEST 30 0 9 9 155.0 47.0 1.4225368575580428
patient108 TEST 30 0 8 10 170.0 90.0 2.0615528128088303
patient109 TEST 30 0 9 8 180.0 60.0 1.7320508075688772
patient110 TEST 30 0 10 9 167.0 116.0 2.319722205590814
patient111 TEST 15 0 6 6 172.0 80.0 1.9550504398153574
patient112 TEST 30 0 11 10 172.0 90.0 2.073644135332772
patient113 TEST 15 0 7 10 183.0 95.0 2.19753649950727
patient114 TEST 30 0 10 11 172.0 80.0 1.9550504398153574
patient115 TEST 30 0 12 10 165.0 92.0 2.053452377501525
patient116 TEST 30 0 8 10 165.0 83.0 1.9504273036098183
patient117 TEST 30 0 12 10 180.0 92.0 2.1447610589527217
patient118 TEST 25 0 9 9 176.0 80.0 1.9776529298921768
patient119 TEST 15 0 8 17 162.0 60.0 1.6431676725154984
patient120 TEST 25 0 7 9 161.0 55.0 1.568350159314629
patient121 TEST 35 0 9 8 183.0 75.0 1.9525624189766635
patient122 TEST 14 0 5 9 165.0 65.0 1.7260262647673315
patient123 TEST 30 0 10 8 170.0 70.0 1.818118685772619
patient124 TEST 15 0 6 21 174.0 64.0 1.7587874611030558
patient125 TEST 15 0 6 17 160.0 46.0 1.429840705968481
patient126 TEST 15 0 6 16 137.0 35.0 1.1540989751509376
patient127 TEST 18 0 6 19 165.0 54.0 1.5732132722552274
patient128 TEST 30 0 10 9 170.0 74.0 1.869343319041327
patient129 TEST 16 0 7 17 183.0 75.0 1.9525624189766635
patient130 TEST 30 0 10 10 185.0 95.0 2.209512263927142
patient131 TEST 25 0 8 10 164.0 64.0 1.7074997966487597
patient132 TEST 30 0 14 10 163.0 80.0 1.903213656482693
patient133 TEST 14 0 9 10 185.0 121.0 2.493602926601498
patient134 TEST 35 0 14 11 185.0 104.0 2.3118054512532935
patient135 TEST 20 0 9 10 184.0 95.0 2.2035325174717877
patient136 TEST 24 0 11 10 167.0 89.0 2.0318984007846237
patient137 TEST 30 0 10 9 170.0 68.0 1.7919573407620817
patient138 TEST 30 0 9 9 174.0 90.0 2.085665361461421
patient139 TEST 15 0 7 16 175.0 75.0 1.9094065395649333
patient140 TEST 15 0 8 20 165.0 68.0 1.7654083569153813
patient141 TEST 19 0 10 10 170.0 75.0 1.8819316317727024
patient142 TEST 30 0 11 8 160.0 98.0 2.086996778999804
patient143 TEST 30 0 11 10 161.0 85.0 1.9497150788997066
patient144 TEST 25 0 8 8 157.0 88.0 1.9590247006553485
patient145 TEST 30 0 12 10 171.0 80.0 1.9493588689617927
patient146 TEST 30 0 9 9 170.0 172.0 2.849951266639874
patient147 TEST 19 0 8 15 172.0 104.0 2.2291004663067318
patient148 TEST 35 0 9 8 170.0 70.0 1.818118685772619
patient149 TEST 25 0 11 10 173.0 70.0 1.8340907526316381
patient150 TEST 30 0 11 8 158.0 56.0 1.567730135507313
